image,glcm
D:/BreaKHis_v1/malignant\SOB\ductal_carcinoma\SOB_M_DC_14-13412\40X\SOB_M_DC-14-13412-40-019.png,"[[0.01939536 0.06420426 0.03143484 0.10447682 0.27683897 0.18152256
  0.07506579 0.07568296 0.08181078 0.08956767]]"
D:/BreaKHis_v1/malignant\SOB\ductal_carcinoma\SOB_M_DC_14-13412\40X\SOB_M_DC-14-13412-40-019.png,"[[0.03097431 0.07637845 0.04893484 0.12046679 0.31171992 0.13986216
  0.06127193 0.0720896  0.05427945 0.08402256]]"
D:/BreaKHis_v1/malignant\SOB\ductal_carcinoma\SOB_M_DC_14-13412\40X\SOB_M_DC-14-13412-40-019.png,"[[0.02640664 0.09204887 0.05296366 0.12678885 0.25246867 0.14404449
  0.06975564 0.09142857 0.05711779 0.08697682]]"
D:/BreaKHis_v1/malignant\SOB\ductal_carcinoma\SOB_M_DC_14-13412\40X\SOB_M_DC-14-13412-40-019.png,"[[0.02470238 0.08743421 0.0477193  0.11596178 0.27049185 0.145
  0.07325815 0.08869987 0.06409774 0.08263471]]"
D:/BreaKHis_v1/malignant\SOB\ductal_carcinoma\SOB_M_DC_14-13412\40X\SOB_M_DC-14-13412-40-019.png,"[[0.03235902 0.09694549 0.06258145 0.12925125 0.21411028 0.1399906
  0.07592105 0.09401942 0.0587688  0.09605263]]"
D:/BreaKHis_v1/malignant\SOB\ductal_carcinoma\SOB_M_DC_14-13412\40X\SOB_M_DC-14-13412-40-019.png,"[[0.02317669 0.07578634 0.05661654 0.12775063 0.28140038 0.1671084
  0.08150063 0.07182644 0.04686717 0.06796679]]"
D:/BreaKHis_v1/malignant\SOB\ductal_carcinoma\SOB_M_DC_14-13412\40X\SOB_M_DC-14-13412-40-019.png,"[[0.01944549 0.07995927 0.04928571 0.12109649 0.32198622 0.15670113
  0.07416667 0.07504073 0.04312657 0.05919173]]"
D:/BreaKHis_v1/malignant\SOB\ductal_carcinoma\SOB_M_DC_14-13412\40X\SOB_M_DC-14-13412-40-019.png,"[[0.01851817 0.07488722 0.05636278 0.1352287  0.29720865 0.16947995
  0.08380326 0.06734336 0.03397556 0.06319236]]"
D:/BreaKHis_v1/malignant\SOB\ductal_carcinoma\SOB_M_DC_14-13412\40X\SOB_M_DC-14-13412-40-019.png,"[[0.02040727 0.07109962 0.05879699 0.13807957 0.27904762 0.17021303
  0.08428571 0.06967732 0.0414411  0.06695175]]"
D:/BreaKHis_v1/malignant\SOB\ductal_carcinoma\SOB_M_DC_14-13412\40X\SOB_M_DC-14-13412-40-019.png,"[[0.02014724 0.07737469 0.04718358 0.12000313 0.32172306 0.15529449
  0.07265038 0.07516917 0.0477099  0.06274436]]"
D:/BreaKHis_v1/malignant\SOB\ductal_carcinoma\SOB_M_DC_14-13412\40X\SOB_M_DC-14-13412-40-019.png,"[[0.02370927 0.07026942 0.05534148 0.13364662 0.29382206 0.16628759
  0.07798246 0.07056391 0.04455827 0.06381892]]"
D:/BreaKHis_v1/malignant\SOB\ductal_carcinoma\SOB_M_DC_14-13412\40X\SOB_M_DC-14-13412-40-019.png,"[[0.02695489 0.0725282  0.0377099  0.10616228 0.23640038 0.16620927
  0.0773089  0.08190789 0.09027882 0.10453947]]"
D:/BreaKHis_v1/malignant\SOB\ductal_carcinoma\SOB_M_DC_14-13412\40X\SOB_M_DC-14-13412-40-019.png,"[[0.02960526 0.07234023 0.03648496 0.10156328 0.21222744 0.16399749
  0.08245614 0.08394737 0.09725877 0.12011905]]"
D:/BreaKHis_v1/malignant\SOB\ductal_carcinoma\SOB_M_DC_14-13412\40X\SOB_M_DC-14-13412-40-019.png,"[[0.03499373 0.07738095 0.05398496 0.12492481 0.24316416 0.13881266
  0.07385652 0.08004386 0.07301065 0.09982769]]"
D:/BreaKHis_v1/malignant\SOB\ductal_carcinoma\SOB_M_DC_14-13412\40X\SOB_M_DC-14-13412-40-019.png,"[[0.01917607 0.07937343 0.05384398 0.12811404 0.28316416 0.17323622
  0.08466165 0.07287594 0.0398089  0.06574561]]"
D:/BreaKHis_v1/malignant\SOB\ductal_carcinoma\SOB_M_DC_14-13412\40X\SOB_M_DC-14-13412-40-019.png,"[[0.01819862 0.09303885 0.03551692 0.09427632 0.2683396  0.164599
  0.07003446 0.09285401 0.07997807 0.08316416]]"
D:/BreaKHis_v1/malignant\SOB\ductal_carcinoma\SOB_M_DC_14-13412\40X\SOB_M_DC-14-13412-40-019.png,"[[0.01931391 0.05825815 0.0533396  0.1466886  0.31150376 0.16570489
  0.07552945 0.05859336 0.05293546 0.05813283]]"
D:/BreaKHis_v1/malignant\SOB\ductal_carcinoma\SOB_M_DC_14-13412\40X\SOB_M_DC-14-13412-40-019.png,"[[0.02231516 0.0687312  0.05113722 0.13359023 0.31544173 0.15680138
  0.07445802 0.07096178 0.04394424 0.06261905]]"
D:/BreaKHis_v1/malignant\SOB\ductal_carcinoma\SOB_M_DC_14-13412\40X\SOB_M_DC-14-13412-40-019.png,"[[0.01971805 0.07850251 0.05064223 0.12427632 0.27192669 0.16560777
  0.08255326 0.08032895 0.055849   0.07059524]]"
D:/BreaKHis_v1/malignant\SOB\ductal_carcinoma\SOB_M_DC_14-13412\40X\SOB_M_DC-14-13412-40-019.png,"[[0.02670739 0.06134712 0.05965852 0.14614035 0.30130326 0.14688283
  0.07691729 0.0622713  0.04691416 0.07185777]]"
D:/BreaKHis_v1/malignant\SOB\ductal_carcinoma\SOB_M_DC_14-13412\40X\SOB_M_DC-14-13412-40-019.png,"[[0.02527882 0.06884712 0.04452381 0.12872494 0.237099   0.1623089
  0.0776911  0.07661967 0.08207707 0.09682957]]"
D:/BreaKHis_v1/malignant\SOB\ductal_carcinoma\SOB_M_DC_14-13412\40X\SOB_M_DC-14-13412-40-019.png,"[[0.01943296 0.05865602 0.03743108 0.12944236 0.26798559 0.16822995
  0.0756203  0.072099   0.0860589  0.08504386]]"
D:/BreaKHis_v1/malignant\SOB\ductal_carcinoma\SOB_M_DC_14-13412\40X\SOB_M_DC-14-13412-40-019.png,"[[0.01823622 0.0774812  0.04433271 0.1145896  0.3497995  0.15221805
  0.06324248 0.07709273 0.04254699 0.06046053]]"
D:/BreaKHis_v1/malignant\SOB\ductal_carcinoma\SOB_M_DC_14-13412\40X\SOB_M_DC-14-13412-40-019.png,"[[0.01665727 0.0631109  0.05060777 0.13813283 0.35231203 0.1581015
  0.06944236 0.06471805 0.03488722 0.05203008]]"
D:/BreaKHis_v1/malignant\SOB\ductal_carcinoma\SOB_M_DC_14-13412\40X\SOB_M_DC-14-13412-40-019.png,"[[0.05205514 0.10096491 0.03850877 0.08563283 0.17939223 0.13642231
  0.06961466 0.10405388 0.08998747 0.14336779]]"
D:/BreaKHis_v1/malignant\SOB\ductal_carcinoma\SOB_M_DC_14-13412\40X\SOB_M_DC-14-13412-40-019.png,"[[0.01740602 0.0620708  0.05316416 0.15003759 0.31098684 0.16483709
  0.07494048 0.06473997 0.0433208  0.05849624]]"
D:/BreaKHis_v1/malignant\SOB\ductal_carcinoma\SOB_M_DC_14-13412\40X\SOB_M_DC-14-13412-40-019.png,"[[0.02461466 0.08800752 0.05375    0.13095551 0.24755952 0.15311717
  0.07391604 0.08809524 0.05102757 0.08895677]]"
D:/BreaKHis_v1/malignant\SOB\ductal_carcinoma\SOB_M_DC_14-13412\40X\SOB_M_DC-14-13412-40-019.png,"[[0.01984962 0.08524749 0.0424812  0.10774436 0.2593609  0.17832707
  0.07858083 0.08397243 0.06139098 0.08304511]]"
D:/BreaKHis_v1/malignant\SOB\ductal_carcinoma\SOB_M_DC_14-13412\40X\SOB_M_DC-14-13412-40-019.png,"[[0.01919799 0.06448308 0.05118108 0.14198935 0.30590539 0.16660714
  0.07530702 0.06666667 0.05020677 0.05845551]]"
D:/BreaKHis_v1/malignant\SOB\ductal_carcinoma\SOB_M_DC_14-13412\40X\SOB_M_DC-14-13412-40-019.png,"[[0.03068296 0.09606203 0.04511905 0.10662907 0.26338659 0.14391291
  0.06524123 0.09666353 0.05811404 0.0941886 ]]"
D:/BreaKHis_v1/malignant\SOB\ductal_carcinoma\SOB_M_DC_14-13412\40X\SOB_M_DC-14-13412-40-019.png,"[[0.01705827 0.06920113 0.04799499 0.13087093 0.30552005 0.16848058
  0.07489348 0.07000313 0.04745927 0.06851817]]"
D:/BreaKHis_v1/malignant\SOB\ductal_carcinoma\SOB_M_DC_14-13412\40X\SOB_M_DC-14-13412-40-019.png,"[[0.01993734 0.07616228 0.03752193 0.11083333 0.27409148 0.17130013
  0.07346491 0.07875    0.07451128 0.08342732]]"
D:/BreaKHis_v1/malignant\SOB\ductal_carcinoma\SOB_M_DC_14-13412\40X\SOB_M_DC-14-13412-40-019.png,"[[0.01834273 0.06308271 0.05306078 0.14245301 0.32251566 0.16158208
  0.07713659 0.06442356 0.04166667 0.05573622]]"
D:/BreaKHis_v1/malignant\SOB\ductal_carcinoma\SOB_M_DC_14-13412\40X\SOB_M_DC-14-13412-40-019.png,"[[0.02211466 0.08192982 0.05744674 0.14046053 0.27475251 0.14588033
  0.06588659 0.08751566 0.05308271 0.07093045]]"
D:/BreaKHis_v1/malignant\SOB\ductal_carcinoma\SOB_M_DC_14-13412\40X\SOB_M_DC-14-13412-40-019.png,"[[0.02435777 0.06227757 0.05968045 0.1466416  0.30884085 0.16255013
  0.07548872 0.06097118 0.03810464 0.06108709]]"
D:/BreaKHis_v1/malignant\SOB\ductal_carcinoma\SOB_M_DC_14-13412\40X\SOB_M_DC-14-13412-40-019.png,"[[0.02150063 0.07029449 0.03714599 0.11562343 0.23805451 0.1556109
  0.07536028 0.07815789 0.11628446 0.09196742]]"
D:/BreaKHis_v1/malignant\SOB\ductal_carcinoma\SOB_M_DC_14-13412\40X\SOB_M_DC-14-13412-40-019.png,"[[0.01833647 0.07108083 0.03931704 0.11413534 0.2547713  0.18913847
  0.08169486 0.07633772 0.06999687 0.0851911 ]]"
D:/BreaKHis_v1/malignant\SOB\ductal_carcinoma\SOB_M_DC_14-13412\40X\SOB_M_DC-14-13412-40-019.png,"[[0.01844612 0.07312343 0.04145677 0.11403509 0.31952694 0.1606109
  0.07135025 0.07196429 0.06289787 0.06658835]]"
D:/BreaKHis_v1/malignant\SOB\ductal_carcinoma\SOB_M_DC_14-13412\40X\SOB_M_DC-14-13412-40-019.png,"[[0.02032268 0.06673872 0.04517231 0.12803885 0.22803885 0.16372494
  0.06076128 0.08149123 0.12328321 0.08242794]]"
D:/BreaKHis_v1/malignant\SOB\ductal_carcinoma\SOB_M_DC_14-13412\40X\SOB_M_DC-14-13412-40-019.png,"[[0.0193703  0.06541353 0.05612155 0.14114662 0.31442356 0.16423872
  0.07601817 0.06390038 0.03915727 0.0602099 ]]"
D:/BreaKHis_v1/malignant\SOB\ductal_carcinoma\SOB_M_DC_14-13412\40X\SOB_M_DC-14-13412-40-019.png,"[[0.01911341 0.06788534 0.04610276 0.13026316 0.29324875 0.16256266
  0.07588346 0.0708584  0.06387845 0.07020363]]"
D:/BreaKHis_v1/malignant\SOB\ductal_carcinoma\SOB_M_DC_14-13412\40X\SOB_M_DC-14-13412-40-019.png,"[[0.04493108 0.09093672 0.04722744 0.10433897 0.2112782  0.14283208
  0.07316729 0.09205201 0.07412594 0.11911028]]"
D:/BreaKHis_v1/malignant\SOB\ductal_carcinoma\SOB_M_DC_14-13412\40X\SOB_M_DC-14-13412-40-019.png,"[[0.03282581 0.08472118 0.06225877 0.13389411 0.24845551 0.1508208
  0.07605263 0.08267231 0.04637531 0.08192356]]"
D:/BreaKHis_v1/malignant\SOB\ductal_carcinoma\SOB_M_DC_14-13412\40X\SOB_M_DC-14-13412-40-019.png,"[[0.0218891  0.0614317  0.05330514 0.14966792 0.29907895 0.16689536
  0.07534148 0.06212719 0.04768797 0.06257519]]"
D:/BreaKHis_v1/malignant\SOB\ductal_carcinoma\SOB_M_DC_14-13412\40X\SOB_M_DC-14-13412-40-019.png,"[[0.01795113 0.05883145 0.03699248 0.11775063 0.27770363 0.18904135
  0.07954887 0.07039474 0.07066416 0.08112155]]"
D:/BreaKHis_v1/malignant\SOB\ductal_carcinoma\SOB_M_DC_14-13412\40X\SOB_M_DC-14-13412-40-019.png,"[[0.03201754 0.11280075 0.04949875 0.11029449 0.25353383 0.13016604
  0.06697682 0.10505326 0.04271303 0.09694549]]"
D:/BreaKHis_v1/malignant\SOB\ductal_carcinoma\SOB_M_DC_14-13412\40X\SOB_M_DC-14-13412-40-019.png,"[[0.01730263 0.05704574 0.04471491 0.14180451 0.36358709 0.15830827
  0.06630326 0.05925125 0.03781328 0.05386905]]"
D:/BreaKHis_v1/malignant\SOB\ductal_carcinoma\SOB_M_DC_14-13412\40X\SOB_M_DC-14-13412-40-019.png,"[[0.02631579 0.06562657 0.05279135 0.13603697 0.25935464 0.1621084
  0.08260652 0.07069236 0.06369674 0.08077068]]"
D:/BreaKHis_v1/malignant\SOB\ductal_carcinoma\SOB_M_DC_14-13412\40X\SOB_M_DC-14-13412-40-019.png,"[[0.02370614 0.09104323 0.047099   0.11244361 0.28831767 0.14792607
  0.07164787 0.09029449 0.05263471 0.07488722]]"
D:/BreaKHis_v1/malignant\SOB\ductal_carcinoma\SOB_M_DC_14-13412\40X\SOB_M_DC-14-13412-40-019.png,"[[0.03740915 0.08235902 0.06049185 0.13033835 0.23876566 0.1551911
  0.07772243 0.08116228 0.04816103 0.08839912]]"
D:/BreaKHis_v1/malignant\SOB\ductal_carcinoma\SOB_M_DC_14-13412\40X\SOB_M_DC-14-13412-40-019.png,"[[0.02759398 0.0708302  0.06453321 0.16143484 0.24950501 0.15641291
  0.07869048 0.07138158 0.04562657 0.07399123]]"
D:/BreaKHis_v1/malignant\SOB\ductal_carcinoma\SOB_M_DC_14-13412\40X\SOB_M_DC-14-13412-40-019.png,"[[0.0210589  0.07182331 0.01797306 0.08055451 0.15793233 0.16582393
  0.06173246 0.1010213  0.19427945 0.12780075]]"
D:/BreaKHis_v1/malignant\SOB\ductal_carcinoma\SOB_M_DC_14-13412\40X\SOB_M_DC-14-13412-40-019.png,"[[0.01921992 0.07934211 0.04142857 0.1145802  0.33335213 0.15250627
  0.06434211 0.07575501 0.05273496 0.06673872]]"
D:/BreaKHis_v1/malignant\SOB\ductal_carcinoma\SOB_M_DC_14-13412\40X\SOB_M_DC-14-13412-40-019.png,"[[0.02571742 0.07337093 0.05336153 0.12755013 0.30883145 0.14353383
  0.07181704 0.07588659 0.04954887 0.07038221]]"
D:/BreaKHis_v1/malignant\SOB\ductal_carcinoma\SOB_M_DC_14-13412\40X\SOB_M_DC-14-13412-40-019.png,"[[0.01985276 0.07583333 0.05409148 0.12962719 0.32240288 0.15113409
  0.07337406 0.07390664 0.04016917 0.0596084 ]]"
D:/BreaKHis_v1/malignant\SOB\ductal_carcinoma\SOB_M_DC_14-13412\40X\SOB_M_DC-14-13412-40-019.png,"[[0.02767231 0.05957393 0.05677632 0.15151316 0.26483083 0.17362155
  0.08180138 0.05857143 0.05067982 0.07495927]]"
D:/BreaKHis_v1/malignant\SOB\ductal_carcinoma\SOB_M_DC_14-13412\40X\SOB_M_DC-14-13412-40-019.png,"[[0.02151003 0.06790414 0.04654135 0.12485276 0.2851911  0.15527882
  0.07588033 0.07149749 0.07170113 0.07964286]]"
D:/BreaKHis_v1/malignant\SOB\ductal_carcinoma\SOB_M_DC_14-13412\40X\SOB_M_DC-14-13412-40-019.png,"[[0.02169486 0.0797713  0.0379198  0.10496554 0.24475251 0.15687657
  0.07452381 0.08553885 0.10464912 0.08930764]]"
D:/BreaKHis_v1/malignant\SOB\ductal_carcinoma\SOB_M_DC_14-13412\40X\SOB_M_DC-14-13412-40-019.png,"[[0.03183584 0.08956767 0.06217419 0.12952694 0.25736529 0.15494361
  0.07784461 0.08081767 0.03911341 0.07681078]]"
D:/BreaKHis_v1/malignant\SOB\ductal_carcinoma\SOB_M_DC_14-13412\40X\SOB_M_DC-14-13412-40-019.png,"[[0.02191103 0.07592732 0.04629699 0.11875313 0.26806391 0.17431391
  0.08151942 0.07711779 0.05604637 0.08005013]]"
D:/BreaKHis_v1/malignant\SOB\ductal_carcinoma\SOB_M_DC_14-13412\40X\SOB_M_DC-14-13412-40-019.png,"[[0.01674499 0.05969925 0.03354637 0.11328947 0.26719612 0.2033302
  0.08473997 0.07030702 0.0685119  0.08263471]]"
D:/BreaKHis_v1/malignant\SOB\ductal_carcinoma\SOB_M_DC_14-13412\40X\SOB_M_DC-14-13412-40-019.png,"[[0.04336779 0.09375    0.05005639 0.10631266 0.21908521 0.15639098
  0.07639098 0.09183897 0.05709273 0.10571429]]"
D:/BreaKHis_v1/malignant\SOB\ductal_carcinoma\SOB_M_DC_14-13412\40X\SOB_M_DC-14-13412-40-019.png,"[[0.03267857 0.1037782  0.05713033 0.11996241 0.21415727 0.12963659
  0.06869987 0.10460526 0.06533835 0.10401316]]"
D:/BreaKHis_v1/malignant\SOB\ductal_carcinoma\SOB_M_DC_14-13412\40X\SOB_M_DC-14-13412-40-019.png,"[[0.01749687 0.06606516 0.05722431 0.14848684 0.30559837 0.16271617
  0.07518484 0.06525689 0.04120927 0.06076128]]"
D:/BreaKHis_v1/malignant\SOB\ductal_carcinoma\SOB_M_DC_14-13412\40X\SOB_M_DC-14-13412-40-019.png,"[[0.02811404 0.07478697 0.05991855 0.1508114  0.25086466 0.15800752
  0.07522556 0.07457393 0.04863095 0.07906642]]"
D:/BreaKHis_v1/malignant\SOB\ductal_carcinoma\SOB_M_DC_14-13412\40X\SOB_M_DC-14-13412-40-019.png,"[[0.0168609  0.06818922 0.03569862 0.10801065 0.28387531 0.18468045
  0.07455514 0.07540414 0.07240288 0.08032268]]"
D:/BreaKHis_v1/malignant\SOB\ductal_carcinoma\SOB_M_DC_14-13412\40X\SOB_M_DC-14-13412-40-019.png,"[[0.03744361 0.08942043 0.05272556 0.11295426 0.20194862 0.15500313
  0.08184524 0.09112782 0.06728697 0.11024436]]"
D:/BreaKHis_v1/malignant\SOB\ductal_carcinoma\SOB_M_DC_14-13412\40X\SOB_M_DC-14-13412-40-019.png,"[[0.0210401  0.06351817 0.03354637 0.11361529 0.27390038 0.17997494
  0.07400689 0.07417607 0.07709273 0.08912907]]"
D:/BreaKHis_v1/malignant\SOB\ductal_carcinoma\SOB_M_DC_14-13412\40X\SOB_M_DC-14-13412-40-019.png,"[[0.02578634 0.0625094  0.06316729 0.1537782  0.28703947 0.15842105
  0.07535088 0.06479637 0.04198935 0.06716165]]"
D:/BreaKHis_v1/malignant\SOB\ductal_carcinoma\SOB_M_DC_14-13412\40X\SOB_M_DC-14-13412-40-019.png,"[[0.02148496 0.07344925 0.03888471 0.11225564 0.23109649 0.19157895
  0.08505326 0.07817356 0.07341165 0.09461153]]"
D:/BreaKHis_v1/malignant\SOB\ductal_carcinoma\SOB_M_DC_14-13412\40X\SOB_M_DC-14-13412-40-019.png,"[[0.02285714 0.09770363 0.03752506 0.09634085 0.23876566 0.14151942
  0.07214599 0.10185777 0.0991792  0.09210526]]"
D:/BreaKHis_v1/malignant\SOB\ductal_carcinoma\SOB_M_DC_14-13412\40X\SOB_M_DC-14-13412-40-019.png,"[[0.02011278 0.06716792 0.05381892 0.14254073 0.25156328 0.16039787
  0.06692356 0.07796992 0.08540414 0.07410088]]"
D:/BreaKHis_v1/malignant\SOB\ductal_carcinoma\SOB_M_DC_14-13412\40X\SOB_M_DC-14-13412-40-019.png,"[[0.01473058 0.07400689 0.0416886  0.11103383 0.36713972 0.15876253
  0.06421053 0.07432957 0.03873434 0.05536341]]"
D:/BreaKHis_v1/malignant\SOB\ductal_carcinoma\SOB_M_DC_14-13412\40X\SOB_M_DC-14-13412-40-019.png,"[[0.0387594  0.07969612 0.05421679 0.11784461 0.1877381  0.1560213
  0.08753133 0.08020363 0.07984649 0.11814223]]"
D:/BreaKHis_v1/malignant\SOB\ductal_carcinoma\SOB_M_DC_14-13412\40X\SOB_M_DC-14-13412-40-019.png,"[[0.01864975 0.07864975 0.05118421 0.12762845 0.32994048 0.15197995
  0.07192982 0.07610276 0.03920426 0.05473058]]"
D:/BreaKHis_v1/malignant\SOB\ductal_carcinoma\SOB_M_DC_14-13412\40X\SOB_M_DC-14-13412-40-019.png,"[[0.02140038 0.07817669 0.04750313 0.12182957 0.3018609  0.15399123
  0.06592105 0.07734023 0.06413534 0.06784148]]"
D:/BreaKHis_v1/malignant\SOB\ductal_carcinoma\SOB_M_DC_14-13412\40X\SOB_M_DC-14-13412-40-019.png,"[[0.02263471 0.06913221 0.02710526 0.10280702 0.19042293 0.16454574
  0.07677632 0.08614348 0.14430451 0.11612782]]"
D:/BreaKHis_v1/malignant\SOB\ductal_carcinoma\SOB_M_DC_14-13412\40X\SOB_M_DC-14-13412-40-019.png,"[[0.01984962 0.06714599 0.0526911  0.13818922 0.2837406  0.17089286
  0.08473371 0.06815789 0.04945489 0.06514411]]"
D:/BreaKHis_v1/malignant\SOB\ductal_carcinoma\SOB_M_DC_14-13412\40X\SOB_M_DC-14-13412-40-019.png,"[[0.02169486 0.07921053 0.05328947 0.12445175 0.30210526 0.15136278
  0.07507206 0.07773496 0.0470708  0.06800752]]"
D:/BreaKHis_v1/malignant\SOB\ductal_carcinoma\SOB_M_DC_14-13412\40X\SOB_M_DC-14-13412-40-019.png,"[[0.02221805 0.05677945 0.05693609 0.15154449 0.29920113 0.16688283
  0.07995614 0.06086466 0.04239348 0.06322368]]"
D:/BreaKHis_v1/malignant\SOB\ductal_carcinoma\SOB_M_DC_14-13412\40X\SOB_M_DC-14-13412-40-019.png,"[[0.02260965 0.08183584 0.04947055 0.13473997 0.25452068 0.15765038
  0.06911341 0.08573935 0.05785714 0.08646303]]"
D:/BreaKHis_v1/malignant\SOB\ductal_carcinoma\SOB_M_DC_14-13412\40X\SOB_M_DC-14-13412-40-019.png,"[[0.02036028 0.06770363 0.04433897 0.12313283 0.26591479 0.17947055
  0.08329261 0.07218672 0.06177005 0.08182957]]"
D:/BreaKHis_v1/malignant\SOB\ductal_carcinoma\SOB_M_DC_14-13412\40X\SOB_M_DC-14-13412-40-019.png,"[[0.02161028 0.06470551 0.04757832 0.13373434 0.27201754 0.1789411
  0.08309211 0.06694236 0.05685464 0.07452381]]"
D:/BreaKHis_v1/malignant\SOB\ductal_carcinoma\SOB_M_DC_14-13412\40X\SOB_M_DC-14-13412-40-019.png,"[[0.01774436 0.07349311 0.05012845 0.12967419 0.34587093 0.15705514
  0.0679386  0.07028195 0.03514098 0.05267231]]"
D:/BreaKHis_v1/malignant\SOB\ductal_carcinoma\SOB_M_DC_14-13412\40X\SOB_M_DC-14-13412-40-019.png,"[[0.02258145 0.06401003 0.05109962 0.14223058 0.30010025 0.18204261
  0.0737688  0.06098684 0.04068296 0.06249687]]"
D:/BreaKHis_v1/malignant\SOB\ductal_carcinoma\SOB_M_DC_14-13412\40X\SOB_M_DC-14-13412-40-019.png,"[[0.02006266 0.0706015  0.05759398 0.1381297  0.30500313 0.15933271
  0.07883145 0.07080201 0.04111842 0.05852444]]"
D:/BreaKHis_v1/malignant\SOB\ductal_carcinoma\SOB_M_DC_14-13412\40X\SOB_M_DC-14-13412-40-019.png,"[[0.03218358 0.07978697 0.06615288 0.14431078 0.24133772 0.14979323
  0.0779104  0.07969612 0.04826128 0.08056704]]"
D:/BreaKHis_v1/malignant\SOB\ductal_carcinoma\SOB_M_DC_14-13412\40X\SOB_M_DC-14-13412-40-019.png,"[[0.01897556 0.08026629 0.0456015  0.12172932 0.27887531 0.16053571
  0.0766886  0.08081454 0.06310777 0.07340539]]"
D:/BreaKHis_v1/malignant\SOB\ductal_carcinoma\SOB_M_DC_14-13412\40X\SOB_M_DC-14-13412-40-019.png,"[[0.0181203  0.07336779 0.05341165 0.13587093 0.31641604 0.15196115
  0.07484649 0.07234649 0.04404762 0.05961153]]"
D:/BreaKHis_v1/malignant\SOB\ductal_carcinoma\SOB_M_DC_14-13412\40X\SOB_M_DC-14-13412-40-019.png,"[[0.02072995 0.06625313 0.05337093 0.13813596 0.33075501 0.1585213
  0.07237782 0.06555451 0.03784774 0.05645363]]"
D:/BreaKHis_v1/malignant\SOB\ductal_carcinoma\SOB_M_DC_14-13412\40X\SOB_M_DC-14-13412-40-019.png,"[[0.02438283 0.07181391 0.04582393 0.12069236 0.30641604 0.1562312
  0.07032895 0.07229323 0.05492794 0.0770896 ]]"
D:/BreaKHis_v1/malignant\SOB\ductal_carcinoma\SOB_M_DC_14-13412\40X\SOB_M_DC-14-13412-40-019.png,"[[0.01778195 0.06789787 0.04120301 0.11688283 0.28213972 0.18454887
  0.07907268 0.07404135 0.05974311 0.0766886 ]]"
D:/BreaKHis_v1/malignant\SOB\ductal_carcinoma\SOB_M_DC_14-13412\40X\SOB_M_DC-14-13412-40-019.png,"[[0.02549812 0.0924906  0.03517857 0.09451441 0.21504699 0.14173246
  0.07171366 0.10036028 0.1193703  0.10409461]]"
D:/BreaKHis_v1/malignant\SOB\ductal_carcinoma\SOB_M_DC_14-13412\40X\SOB_M_DC-14-13412-40-019.png,"[[0.04256266 0.09558584 0.0410119  0.09340226 0.17973997 0.14468358
  0.07410088 0.10045426 0.09346805 0.1349906 ]]"
D:/BreaKHis_v1/malignant\SOB\ductal_carcinoma\SOB_M_DC_14-13412\40X\SOB_M_DC-14-13412-40-019.png,"[[0.029151   0.07969925 0.04538221 0.11371241 0.31861529 0.13864035
  0.05939223 0.07585213 0.05388471 0.08567043]]"
D:/BreaKHis_v1/malignant\SOB\ductal_carcinoma\SOB_M_DC_14-13412\40X\SOB_M_DC-14-13412-40-019.png,"[[0.01731203 0.06504699 0.04998434 0.13370301 0.35159774 0.15384085
  0.06962093 0.06631892 0.04062343 0.05195175]]"
D:/BreaKHis_v1/malignant\SOB\ductal_carcinoma\SOB_M_DC_14-13412\40X\SOB_M_DC-14-13412-40-019.png,"[[0.04287594 0.09427005 0.04508459 0.0983208  0.1777005  0.14785714
  0.07805764 0.09765664 0.08847744 0.12969925]]"
D:/BreaKHis_v1/malignant\SOB\ductal_carcinoma\SOB_M_DC_14-13412\40X\SOB_M_DC-14-13412-40-019.png,"[[0.02778195 0.09192356 0.04557331 0.10525689 0.30806704 0.12193609
  0.06259712 0.09103383 0.06133459 0.08449561]]"
D:/BreaKHis_v1/malignant\SOB\ductal_carcinoma\SOB_M_DC_14-13412\40X\SOB_M_DC-14-13412-40-019.png,"[[0.0203916  0.06419173 0.05881892 0.15172932 0.30879699 0.16490288
  0.07453634 0.06327381 0.03625    0.0571084 ]]"
D:/BreaKHis_v1/malignant\SOB\ductal_carcinoma\SOB_M_DC_14-13412\40X\SOB_M_DC-14-13412-40-019.png,"[[0.02835526 0.07265351 0.06092419 0.13556078 0.27947995 0.1512594
  0.08024749 0.07080827 0.04702068 0.07369048]]"
D:/BreaKHis_v1/malignant\SOB\ductal_carcinoma\SOB_M_DC_14-13412\40X\SOB_M_DC-14-13412-40-019.png,"[[0.0187782  0.06416667 0.05271303 0.14025063 0.30464912 0.17597431
  0.07677318 0.06127506 0.04129699 0.06412281]]"
D:/BreaKHis_v1/malignant\SOB\ductal_carcinoma\SOB_M_DC_14-13412\40X\SOB_M_DC-14-13412-40-019.png,"[[0.02140038 0.07572682 0.04570802 0.1189317  0.25882832 0.16330514
  0.07607456 0.07896303 0.07551378 0.08554825]]"
D:/BreaKHis_v1/malignant\SOB\ductal_carcinoma\SOB_M_DC_14-13412\40X\SOB_M_DC-14-13412-40-019.png,"[[0.01989348 0.06986842 0.04488409 0.12090539 0.29599937 0.16836466
  0.0728916  0.07135965 0.06390977 0.07192356]]"
D:/BreaKHis_v1/malignant\SOB\ductal_carcinoma\SOB_M_DC_14-13412\40X\SOB_M_DC-14-13412-40-019.png,"[[0.02573308 0.06744361 0.05326128 0.1308208  0.26183584 0.16662281
  0.08277569 0.07102444 0.06094298 0.07953947]]"
D:/BreaKHis_v1/malignant\SOB\ductal_carcinoma\SOB_M_DC_14-13412\40X\SOB_M_DC-14-13412-40-019.png,"[[0.02114662 0.0710119  0.0391416  0.10896617 0.30053571 0.1547995
  0.07031015 0.07658521 0.07618108 0.08132206]]"
D:/BreaKHis_v1/malignant\SOB\ductal_carcinoma\SOB_M_DC_14-13412\40X\SOB_M_DC-14-13412-40-019.png,"[[0.0377381  0.06896303 0.06514411 0.13577068 0.21510338 0.15952068
  0.09034148 0.06607456 0.06104323 0.10030075]]"
D:/BreaKHis_v1/malignant\SOB\ductal_carcinoma\SOB_M_DC_14-13412\40X\SOB_M_DC-14-13412-40-019.png,"[[0.03773183 0.08761591 0.05718045 0.12240288 0.24869048 0.14981203
  0.07438283 0.08597431 0.04814536 0.08806391]]"
D:/BreaKHis_v1/malignant\SOB\ductal_carcinoma\SOB_M_DC_14-13412\40X\SOB_M_DC-14-13412-40-019.png,"[[0.0172619  0.06281955 0.05287594 0.13794799 0.32174812 0.17978383
  0.07660714 0.05997494 0.03450188 0.0564787 ]]"
D:/BreaKHis_v1/malignant\SOB\ductal_carcinoma\SOB_M_DC_14-13412\40X\SOB_M_DC-14-13412-40-019.png,"[[0.02486216 0.07245301 0.05211466 0.12568609 0.31113722 0.1526911
  0.07276003 0.06893797 0.04862782 0.07072995]]"
D:/BreaKHis_v1/malignant\SOB\ductal_carcinoma\SOB_M_DC_14-13412\40X\SOB_M_DC-14-13412-40-019.png,"[[0.02202694 0.06891604 0.03963659 0.11489348 0.25316729 0.15988409
  0.07817043 0.07629386 0.0960683  0.09094298]]"
D:/BreaKHis_v1/malignant\SOB\ductal_carcinoma\SOB_M_DC_14-13412\40X\SOB_M_DC-14-13412-40-019.png,"[[0.01980576 0.0735495  0.05453947 0.13005639 0.30508772 0.16140664
  0.07643484 0.07048559 0.0460119  0.06262218]]"
D:/BreaKHis_v1/malignant\SOB\ductal_carcinoma\SOB_M_DC_14-13412\40X\SOB_M_DC-14-13412-40-019.png,"[[0.0210307  0.0797713  0.05389724 0.13157895 0.29449561 0.15177632
  0.07641604 0.07843985 0.04722118 0.06537281]]"
D:/BreaKHis_v1/malignant\SOB\ductal_carcinoma\SOB_M_DC_14-13412\40X\SOB_M_DC-14-13412-40-019.png,"[[0.02371241 0.06881266 0.0541698  0.13430764 0.31527882 0.15400689
  0.07174185 0.06820802 0.04557018 0.06419173]]"
D:/BreaKHis_v1/malignant\SOB\ductal_carcinoma\SOB_M_DC_14-13412\40X\SOB_M_DC-14-13412-40-019.png,"[[0.01910714 0.05122807 0.05601817 0.16377193 0.31941416 0.17388471
  0.07593045 0.05289474 0.03373434 0.05401629]]"
D:/BreaKHis_v1/malignant\SOB\ductal_carcinoma\SOB_M_DC_14-13412\40X\SOB_M_DC-14-13412-40-019.png,"[[0.018349   0.09184837 0.0468797  0.11199248 0.32682018 0.14028195
  0.06532581 0.09039787 0.0445708  0.06353383]]"
D:/BreaKHis_v1/malignant\SOB\ductal_carcinoma\SOB_M_DC_14-13412\40X\SOB_M_DC-14-13412-40-019.png,"[[0.02307644 0.06522556 0.03030702 0.11166353 0.19482143 0.17215852
  0.07925752 0.08231203 0.12859023 0.11258772]]"
D:/BreaKHis_v1/malignant\SOB\ductal_carcinoma\SOB_M_DC_14-13412\40X\SOB_M_DC-14-13412-40-019.png,"[[0.02191103 0.06422306 0.05450501 0.1427193  0.25681704 0.18318922
  0.08529135 0.06430764 0.05551378 0.07152256]]"
D:/BreaKHis_v1/malignant\SOB\ductal_carcinoma\SOB_M_DC_14-13412\40X\SOB_M_DC-14-13412-40-019.png,"[[0.02374687 0.07203008 0.04777256 0.12205201 0.26491541 0.16587406
  0.07736529 0.07688283 0.06706767 0.08229323]]"
D:/BreaKHis_v1/malignant\SOB\ductal_carcinoma\SOB_M_DC_14-13412\40X\SOB_M_DC-14-13412-40-019.png,"[[0.02204261 0.07034148 0.04401316 0.12676065 0.24136591 0.16139098
  0.07749687 0.07489662 0.09441729 0.08727444]]"
D:/BreaKHis_v1/malignant\SOB\ductal_carcinoma\SOB_M_DC_14-13412\40X\SOB_M_DC-14-13412-40-019.png,"[[0.01810464 0.09300125 0.03953947 0.09928258 0.36624687 0.1302381
  0.05342105 0.09120927 0.04645677 0.0625    ]]"
D:/BreaKHis_v1/malignant\SOB\ductal_carcinoma\SOB_M_DC_14-13412\40X\SOB_M_DC-14-13412-40-019.png,"[[0.02167293 0.06854323 0.0476817  0.12867481 0.23990915 0.18178258
  0.08509712 0.07194862 0.0714881  0.08320175]]"
D:/BreaKHis_v1/malignant\SOB\ductal_carcinoma\SOB_M_DC_14-13412\40X\SOB_M_DC-14-13412-40-019.png,"[[0.0172901  0.06170739 0.03831767 0.12523496 0.29443296 0.17628133
  0.07349311 0.06809211 0.07453634 0.07061404]]"
D:/BreaKHis_v1/malignant\SOB\ductal_carcinoma\SOB_M_DC_14-13412\40X\SOB_M_DC-14-13412-40-019.png,"[[0.01859023 0.07665414 0.04795739 0.12255326 0.32225877 0.16132206
  0.07101504 0.07553258 0.0404292  0.06368734]]"
D:/BreaKHis_v1/malignant\SOB\ductal_carcinoma\SOB_M_DC_14-13412\40X\SOB_M_DC-14-13412-40-019.png,"[[0.02525376 0.06893484 0.06037281 0.15204261 0.27312343 0.15590539
  0.0754292  0.06993421 0.0452381  0.07376566]]"
D:/BreaKHis_v1/malignant\SOB\ductal_carcinoma\SOB_M_DC_14-13412\40X\SOB_M_DC-14-13412-40-019.png,"[[0.04963033 0.09861529 0.04555764 0.09544486 0.18557331 0.14112469
  0.07546992 0.09889098 0.07931704 0.13037594]]"
D:/BreaKHis_v1/malignant\SOB\ductal_carcinoma\SOB_M_DC_14-13412\40X\SOB_M_DC-14-13412-40-019.png,"[[0.02513158 0.06434524 0.06085526 0.14624373 0.2962688  0.16501253
  0.07818296 0.06175125 0.03827381 0.06393484]]"
D:/BreaKHis_v1/malignant\SOB\ductal_carcinoma\SOB_M_DC_14-13412\40X\SOB_M_DC-14-13412-40-019.png,"[[0.03136905 0.0758396  0.06731203 0.14805451 0.24478697 0.1508114
  0.07810777 0.07597118 0.04834586 0.07940163]]"
D:/BreaKHis_v1/malignant\SOB\ductal_carcinoma\SOB_M_DC_14-13412\40X\SOB_M_DC-14-13412-40-019.png,[1 1 0 ... 1 1 1]
